0.000000e+00 9.095016e-03 9.095016e-03 9.095016e-03
1.000000e+00 1.104062e+01 1.111640e+01 1.111640e+01
2.000000e+00 2.163380e+00 3.900811e+00 3.900811e+00
3.000000e+00 3.377635e+00 5.439807e+00 5.439807e+00
4.000000e+00 4.085375e-01 2.581500e+00 2.581500e+00
5.000000e+00 9.723771e-01 2.836576e+00 2.836576e+00
6.000000e+00 6.437730e-01 1.367066e+00 1.367066e+00
7.000000e+00 5.951373e-01 1.430311e+00 1.430311e+00
8.000000e+00 1.595807e-01 7.937835e-01 7.937835e-01
9.000000e+00 1.575337e-01 7.760905e-01 7.760905e-01
1.000000e+01 5.636216e-02 3.238266e-01 3.238266e-01
1.100000e+01 5.511969e-02 3.217403e-01 3.217403e-01
1.200000e+01 4.628230e-02 1.797192e-01 1.797192e-01
1.300000e+01 4.643586e-02 1.794502e-01 1.794502e-01
1.400000e+01 1.522961e-02 7.924624e-02 7.924624e-02
1.500000e+01 1.540952e-02 7.920545e-02 4.256932e-02
1.600000e+01 4.547649e-03 4.240728e-02 1.484246e-02
1.700000e+01 4.631939e-03 4.238583e-02 2.918005e-03
1.800000e+01 2.545774e-03 1.576827e-02 1.594274e-03
1.900000e+01 2.539297e-03 1.576118e-02 7.970091e-04
2.000000e+01 5.558593e-04 3.451284e-03 5.220634e-04
2.100000e+01 5.510608e-04 3.439245e-03 2.582799e-04
2.200000e+01 6.490804e-04 7.837432e-04 1.931335e-04
2.300000e+01 6.518494e-04 7.813525e-04 8.695398e-05
2.400000e+01 4.522976e-04 4.365659e-04 5.664297e-05
2.500000e+01 4.473743e-04 4.399173e-04 4.960728e-05
2.600000e+01 2.849855e-04 3.289274e-04 3.924944e-05
2.700000e+01 2.837051e-04 3.308597e-04 3.400944e-05
2.800000e+01 4.549474e-04 3.449900e-04 2.154617e-05
2.900000e+01 4.552080e-04 3.460508e-04 2.505402e-05
3.000000e+01 2.816444e-04 2.036470e-04 2.304595e-05
3.100000e+01 2.806777e-04 2.080310e-04 1.294425e-05
3.200000e+01 2.942070e-04 1.369326e-04 1.110375e-05
3.300000e+01 2.937131e-04 1.367281e-04 8.397628e-06
3.400000e+01 1.917450e-04 9.498797e-05 7.447445e-06
3.500000e+01 1.926404e-04 9.460648e-05 7.498554e-06
3.600000e+01 1.106069e-04 8.061646e-05 5.584738e-06
3.700000e+01 1.111966e-04 8.086773e-05 4.426616e-06
3.800000e+01 1.657545e-04 4.522166e-05 4.902026e-06
3.900000e+01 1.646243e-04 4.536480e-05 4.286110e-06
4.000000e+01 1.868672e-04 3.689237e-05 4.285124e-06
4.100000e+01 1.866636e-04 3.640144e-05 3.485409e-06
4.200000e+01 1.523022e-04 3.804167e-05 3.439940e-06
4.300000e+01 1.503109e-04 3.755197e-05 3.431017e-06
4.400000e+01 1.216951e-04 3.316835e-05 2.423198e-06
4.500000e+01 1.223660e-04 3.112264e-05 1.906226e-06
4.600000e+01 1.422955e-04 2.503241e-05 1.779030e-06
4.700000e+01 1.425850e-04 2.455079e-05 1.938856e-06
4.800000e+01 9.466075e-05 1.904811e-05 1.802599e-06
4.900000e+01 9.395319e-05 2.019740e-05 1.713330e-06
5.000000e+01 8.475258e-05 1.541074e-05 1.277538e-06
5.100000e+01 8.447358e-05 1.540588e-05 1.637103e-06
5.200000e+01 8.128595e-05 1.348282e-05 1.348116e-06
5.300000e+01 8.190226e-05 1.356599e-05 1.581399e-06
5.400000e+01 7.304435e-05 8.877977e-06 1.477052e-06
5.500000e+01 7.275150e-05 8.885184e-06 1.303819e-06
5.600000e+01 7.502655e-05 8.178450e-06 1.363582e-06
5.700000e+01 7.504624e-05 8.190586e-06 1.176935e-06
5.800000e+01 8.016078e-05 7.952821e-06 1.007700e-06
5.900000e+01 7.993069e-05 7.954140e-06 9.339177e-07
6.000000e+01 9.842191e-05 7.528698e-06 1.035336e-06
6.100000e+01 9.986767e-05 7.513665e-06 9.136960e-07
6.200000e+01 6.206293e-05 4.337391e-06 7.186279e-07
6.300000e+01 6.216219e-05 4.346335e-06 4.611580e-07
6.400000e+01 5.449179e-05 4.040658e-06 4.470598e-07
6.500000e+01 5.504261e-05 3.993153e-06 5.451119e-07
6.600000e+01 2.928216e-05 3.702902e-06 5.223953e-07
6.700000e+01 2.882923e-05 3.596233e-06 5.022337e-07
6.800000e+01 3.879665e-05 3.765987e-06 5.144050e-07
6.900000e+01 3.970307e-05 3.780967e-06 4.462397e-07
7.000000e+01 2.432129e-05 2.241408e-06 5.094536e-07
7.100000e+01 2.426864e-05 2.350503e-06 4.650973e-07
7.200000e+01 2.699061e-05 2.132174e-06 4.500483e-07
7.300000e+01 2.701858e-05 2.126699e-06 4.168225e-07
7.400000e+01 2.059666e-05 1.200032e-06 3.843897e-07
7.500000e+01 2.060755e-05 1.199774e-06 3.674209e-07
7.600000e+01 2.480314e-05 1.073212e-06 3.370233e-07
7.700000e+01 2.508950e-05 1.068224e-06 3.155094e-07
7.800000e+01 2.297891e-05 1.142782e-06 3.067913e-07
7.900000e+01 2.301064e-05 1.118884e-06 3.225402e-07
8.000000e+01 1.548146e-05 1.013378e-06 3.188252e-07
8.100000e+01 1.498336e-05 1.022674e-06 2.825292e-07
8.200000e+01 1.839713e-05 7.276185e-07 2.337845e-07
8.300000e+01 1.831028e-05 7.774054e-07 1.622657e-07
8.400000e+01 1.182972e-05 1.186272e-06 1.700184e-07
8.500000e+01 1.191673e-05 1.172994e-06 1.724308e-07
8.600000e+01 9.123674e-06 1.030434e-06 1.716129e-07
8.700000e+01 9.446513e-06 1.021368e-06 1.532292e-07
8.800000e+01 9.168797e-06 1.221712e-06 1.759760e-07
8.900000e+01 9.072545e-06 1.217087e-06 2.045886e-07
9.000000e+01 7.821647e-06 9.981408e-07 2.154021e-07
9.100000e+01 7.792727e-06 9.937055e-07 1.916121e-07
9.200000e+01 8.695305e-06 1.043034e-06 1.799736e-07
9.300000e+01 8.998995e-06 9.476874e-07 1.837931e-07
9.400000e+01 5.068137e-06 1.051045e-06 1.753233e-07
9.500000e+01 5.175671e-06 9.225580e-07 1.657034e-07
9.600000e+01 6.358415e-06 7.580117e-07 1.739235e-07
9.700000e+01 6.465495e-06 7.415056e-07 1.800316e-07
9.800000e+01 6.326337e-06 7.039375e-07 1.801218e-07
9.900000e+01 6.327106e-06 7.004684e-07 1.830156e-07
1.000000e+02 4.982628e-06 6.287377e-07 1.799640e-07
